5,7,0
1,1.06000,0.00000,0.00000,0.00000,0.00000,0.00000,2
2,1.00000,0.00000,0.20000,0.20000,0.00000,0.00000,0
3,1.00000,0.00000,0.00000,0.00000,0.45000,0.15000,0
4,1.00000,0.00000,0.00000,0.00000,0.40000,0.05000,0
5,1.00000,0.00000,0.00000,0.00000,0.60000,0.10000,0
1   1   3   0.08000   0.24000   0.00000   1.00000
2   3   4   0.01000   0.03000   0.00000   1.00000
3   4   5   0.08000   0.24000   0.00000   1.00000
4   2   5   0.04000   0.12000   0.00000   1.00000
5   1   2   0.02000   0.06000   0.00000   1.00000
6   2   3   0.06000   0.18000   0.00000   1.00000
7   2   4   0.06000   0.18000   0.00000   1.00000
